4
-0.21357665238871648
0.31675833970975287
0.7973654573327341
0.9120427390483922
0.391109550601909
1.3328139278663844
1.5983087535871898
0.18673418560371335
1.6727560440146214
0.9418028652699372
0.248245714629571
0.9488811518333182
0.6672374531003724
0.09589793559411208
0.4418396661678128
0.8864799193275177
0.6974534998820221
1.3264728640701122
0.7339281633300665
0.22013495554548623
0.08159456954220812
0.15989560107504752
0.3401001849547053
0.46519315370205094
1.2664210282907709
0.815776403424807
0.1932943892894945
