2.8881410321209495
0.37855596431167066
2.013576643915442
3.454087667918465
0.34668960304218444
0.5610225858365683
1.7689965195920316
-0.17450767492239241
2.7429717016908532
0.9671691965373697
0.14622077507963635
2.9079205818124874
0.4591965979386919
0.23769508850615356
0.4889806419513628
0.912752678769352
0.7009500603426884
0.13570216551803352
0.777807216751214
0.10808508056111932
0.060021128001862524
0.15660326211620026
0.053187039622600296
0.17521953896317016
0.43635452776895783
0.4086004129395063
-0.1409772721636591
-0.13672768087741918
-0.6558245596920439
3.4955723039779025
2.0798831467969414
0.8554068959631774
2.2033130808379817
-0.00978161216664665
0.7355513173933105
1.6983752963382035
0.5461860090823604
1.1426971127677343
0.6557126531918259
0.15118229713841813
0.769380908569361
1.595173389667155
0.6664643832372744
0.6753063588589489
0.3344922895056032
0.41555275431101596
0.4422772985627414
0.6099233061251568
0.15861862842319138
0.4608034767924818
0.5703184444109388
-0.4053197679267701
0.7252697191063667
0.6203396715852665
0.02836634736290257
0.5722805347874643
0.27932273917388173
0.1734499263964411
1.4083741881872536
0.36899849850975547
0.6370012874362261
0.5697282876134924
0.12040364734100442
0.13149059679613903
0.6605086286951903
0.27780075488498124
0.37905767471424023
0.17218095146269186
1.3907183158384455
0.015072527179122459
0.7252148667427791
1.1900568746315745
0.7639830497058967
0.3932680855433869
-0.07839089977413277
0.5625194992470373
-0.10877838567123546
0.24927281171922486
0.48082181896068393
1.3146915784267181
0.42287440083983385
-0.2674265904725912
0.03971993018798509
0.4982918783044732
0.040899958294410135
0.9302436555013849
0.30760960418552535
0.28290872464803646
0.2578698061461227
0.02818702837467596
-0.2963570660567607
0.04336501242730708
0.8368071507460664
0.6742110505076547
0.36142486081723285
0.26798706251445514
0.5271720173374606
0.6020466665427208
0.0570537153856845
0.10052998440195482
0.12060372797422272
0.1203853536764579
0.6653387839842005
0.017412081450743147
0.39298460497017296
0.3668108122064211
0.5067797822612281
-0.008195355851859392
0.1446239728510493
0.317132980818851
0.08241342019491621
0.15244661019025518
0.6751802256496829
1.0623799471979658
-0.03678163578486503
0.6764927322545015
-0.19828559041392205
0.7563640968155992
0.7821338186157158
0.4053300695178492
0.4705494114517648
0.3352495477802505
0.09986309549049442
0.414627853253144
-0.09023773565760414
0.6011490844555233
1.0001587749609318
-0.15283643893166263
0.307073667836123
0.2645889430939037
0.29423350605926685
0.8254753338354129
0.7100703269122338
0.10360128612589457
0.9106938637005206
